Final SQD Result:
Energy: -76.11256511051388
Full Result Object: SCIResult(energy=np.float64(-24.331550488627073), sci_state=SCIState(amplitudes=array([[ 9.79479949e-01,  2.34969104e-32,  7.20591674e-03, ...,
         1.92387842e-21, -1.99229839e-20, -4.96727125e-04],
       [ 3.40764092e-33, -1.28263109e-02,  6.55189003e-34, ...,
         4.83756856e-20, -1.29587380e-20, -1.12501191e-35],
       [ 7.20591674e-03, -1.10920620e-32, -1.66834719e-02, ...,
         1.39546610e-20,  7.03828481e-21, -1.71242263e-05],
       ...,
       [ 1.92387842e-21,  6.80661744e-20,  1.39546610e-20, ...,
         2.09926713e-07,  6.51653876e-08, -2.84089194e-22],
       [-1.99229839e-20, -1.30553079e-20,  7.03828481e-21, ...,
         6.51653876e-08,  1.53031435e-07,  2.23223854e-22],
       [-4.96727125e-04, -1.14542340e-36, -1.71242263e-05, ...,
        -2.84089194e-22,  2.23223854e-22,  1.72402336e-05]],
      shape=(300, 300)), ci_strs_a=array([  15,   23,   27,   29,   30,   39,   43,   45,   46,   51,   53,
         54,   57,   58,   60,   71,   75,   77,   78,   85,   86,   89,
         92,   99,  101,  102,  105,  106,  108,  135,  139,  141,  142,
        147,  149,  150,  153,  154,  156,  163,  165,  166,  169,  170,
        172,  177,  178,  180,  184,  195,  197,  198,  201,  204,  210,
        212,  216,  228,  240,  263,  267,  269,  270,  278,  281,  282,
        284,  291,  293,  297,  298,  300,  305,  308,  312,  323,  329,
        332,  344,  387,  389,  390,  393,  394,  396,  401,  402,  404,
        417,  418,  420,  424,  432,  449,  452,  519,  523,  525,  526,
        531,  533,  534,  537,  538,  540,  547,  549,  550,  553,  554,
        556,  564,  579,  582,  585,  586,  643,  645,  646,  649,  650,
        652,  657,  658,  660,  673,  674,  676,  680,  688,  705,  736,
        771,  773,  774,  777,  778,  780,  792,  802,  804,  808,  834,
        897,  898,  900,  904,  912,  928, 1031, 1035, 1037, 1038, 1043,
       1045, 1046, 1049, 1050, 1052, 1059, 1061, 1062, 1065, 1066, 1068,
       1074, 1076, 1091, 1097, 1098, 1100, 1155, 1157, 1158, 1161, 1162,
       1164, 1169, 1170, 1172, 1185, 1200, 1217, 1248, 1283, 1285, 1286,
       1289, 1290, 1292, 1297, 1300, 1316, 1352, 1409, 1410, 1412, 1416,
       1424, 1539, 1541, 1542, 1545, 1546, 1548, 1553, 1556, 1560, 1569,
       1601, 1665, 1666, 1668, 1672, 1680, 1793, 1920, 2055, 2059, 2061,
       2062, 2067, 2069, 2070, 2073, 2074, 2076, 2083, 2085, 2086, 2089,
       2090, 2092, 2104, 2115, 2117, 2118, 2121, 2146, 2179, 2181, 2182,
       2185, 2186, 2188, 2193, 2196, 2210, 2212, 2216, 2241, 2242, 2244,
       2256, 2272, 2307, 2309, 2310, 2314, 2321, 2322, 2328, 2337, 2352,
       2370, 2400, 2433, 2434, 2464, 2496, 2563, 2565, 2566, 2569, 2570,
       2572, 2593, 2640, 2689, 2692, 2704, 2720, 2817, 3075, 3077, 3081,
       3082, 3084, 3090, 3105, 3144, 3201, 3202, 3204, 3216, 3456, 3592,
       3616, 3648, 3712], dtype=int64), ci_strs_b=array([  15,   23,   27,   29,   30,   39,   43,   45,   46,   51,   53,
         54,   57,   58,   60,   71,   75,   77,   78,   85,   86,   89,
         92,   99,  101,  102,  105,  106,  108,  135,  139,  141,  142,
        147,  149,  150,  153,  154,  156,  163,  165,  166,  169,  170,
        172,  177,  178,  180,  184,  195,  197,  198,  201,  204,  210,
        212,  216,  228,  240,  263,  267,  269,  270,  278,  281,  282,
        284,  291,  293,  297,  298,  300,  305,  308,  312,  323,  329,
        332,  344,  387,  389,  390,  393,  394,  396,  401,  402,  404,
        417,  418,  420,  424,  432,  449,  452,  519,  523,  525,  526,
        531,  533,  534,  537,  538,  540,  547,  549,  550,  553,  554,
        556,  564,  579,  582,  585,  586,  643,  645,  646,  649,  650,
        652,  657,  658,  660,  673,  674,  676,  680,  688,  705,  736,
        771,  773,  774,  777,  778,  780,  792,  802,  804,  808,  834,
        897,  898,  900,  904,  912,  928, 1031, 1035, 1037, 1038, 1043,
       1045, 1046, 1049, 1050, 1052, 1059, 1061, 1062, 1065, 1066, 1068,
       1074, 1076, 1091, 1097, 1098, 1100, 1155, 1157, 1158, 1161, 1162,
       1164, 1169, 1170, 1172, 1185, 1200, 1217, 1248, 1283, 1285, 1286,
       1289, 1290, 1292, 1297, 1300, 1316, 1352, 1409, 1410, 1412, 1416,
       1424, 1539, 1541, 1542, 1545, 1546, 1548, 1553, 1556, 1560, 1569,
       1601, 1665, 1666, 1668, 1672, 1680, 1793, 1920, 2055, 2059, 2061,
       2062, 2067, 2069, 2070, 2073, 2074, 2076, 2083, 2085, 2086, 2089,
       2090, 2092, 2104, 2115, 2117, 2118, 2121, 2146, 2179, 2181, 2182,
       2185, 2186, 2188, 2193, 2196, 2210, 2212, 2216, 2241, 2242, 2244,
       2256, 2272, 2307, 2309, 2310, 2314, 2321, 2322, 2328, 2337, 2352,
       2370, 2400, 2433, 2434, 2464, 2496, 2563, 2565, 2566, 2569, 2570,
       2572, 2593, 2640, 2689, 2692, 2704, 2720, 2817, 3075, 3077, 3081,
       3082, 3084, 3090, 3105, 3144, 3201, 3202, 3204, 3216, 3456, 3592,
       3616, 3648, 3712], dtype=int64), norb=12, nelec=(4, 4)), orbital_occupancies=(array([0.99314871, 0.9863048 , 0.98869166, 0.9905202 , 0.00502142,
       0.00562548, 0.00225842, 0.00890655, 0.00450336, 0.00678443,
       0.00543742, 0.00279755]), array([0.99314871, 0.9863048 , 0.98869166, 0.9905202 , 0.00502142,
       0.00562548, 0.00225842, 0.00890655, 0.00450336, 0.00678443,
       0.00543742, 0.00279755])), rdm1=array([[ 1.98629741e+00, -1.56233966e-17,  4.77854296e-03,
         4.49485415e-32,  7.25747952e-03,  8.50248985e-16,
        -1.83443357e-16,  2.95723484e-33,  6.12295993e-03,
        -3.43217335e-03, -6.34016219e-16, -1.90221522e-03],
       [-1.56233966e-17,  1.97260961e+00, -1.76225461e-17,
         1.73058463e-18, -1.61458621e-16,  1.13807443e-02,
         6.10991341e-03,  1.48167954e-19, -4.04677293e-16,
        -1.84958162e-16, -1.21142571e-02,  4.11738886e-16],
       [ 4.77854296e-03, -1.76225461e-17,  1.97738333e+00,
         2.99258163e-32, -1.33321023e-02,  3.83206820e-16,
         1.22905030e-16,  1.49846441e-32, -1.46092863e-03,
        -2.17093196e-03, -3.62321842e-16,  7.32432307e-03],
       [ 4.49485415e-32,  1.73058463e-18,  2.99258163e-32,
         1.98104040e+00,  2.64777238e-32, -1.20016596e-16,
        -6.66870531e-17,  6.91885715e-03,  7.69269749e-32,
         6.92333621e-32,  1.22209839e-18, -1.73356533e-31],
       [ 7.25747952e-03, -1.61458621e-16, -1.33321023e-02,
         2.64777238e-32,  1.00428331e-02,  3.20823010e-18,
        -3.91373939e-19,  9.43552311e-34, -2.06566043e-04,
         9.34263865e-03,  1.47694467e-18,  4.67948198e-03],
       [ 8.50248985e-16,  1.13807443e-02,  3.83206820e-16,
        -1.20016596e-16,  3.20823010e-18,  1.12509644e-02,
         4.44747686e-03, -1.09273592e-18,  7.24741146e-18,
        -1.47228395e-17,  1.03387905e-02,  1.82167399e-17],
       [-1.83443357e-16,  6.10991341e-03,  1.22905030e-16,
        -6.66870531e-17, -3.91373939e-19,  4.44747686e-03,
         4.51684969e-03, -2.29923831e-19, -1.88258244e-18,
        -4.07111566e-18,  3.81985122e-03,  4.41149431e-18],
       [ 2.95723484e-33,  1.48167954e-19,  1.49846441e-32,
         6.91885715e-03,  9.43552311e-34, -1.09273592e-18,
        -2.29923831e-19,  1.78130935e-02,  1.82183727e-33,
         1.20357213e-33,  4.37736345e-19, -1.43905562e-33],
       [ 6.12295993e-03, -4.04677293e-16, -1.46092863e-03,
         7.69269749e-32, -2.06566043e-04,  7.24741146e-18,
        -1.88258244e-18,  1.82183727e-33,  9.00671461e-03,
        -4.46149568e-03, -2.02411757e-18,  3.35228290e-03],
       [-3.43217335e-03, -1.84958162e-16, -2.17093196e-03,
         6.92333621e-32,  9.34263865e-03, -1.47228395e-17,
        -4.07111566e-18,  1.20357213e-33, -4.46149568e-03,
         1.35688574e-02,  1.86253188e-18,  1.21678939e-03],
       [-6.34016219e-16, -1.21142571e-02, -3.62321842e-16,
         1.22209839e-18,  1.47694467e-18,  1.03387905e-02,
         3.81985122e-03,  4.37736345e-19, -2.02411757e-18,
         1.86253188e-18,  1.08748451e-02, -2.66725897e-18],
       [-1.90221522e-03,  4.11738886e-16,  7.32432307e-03,
        -1.73356533e-31,  4.67948198e-03,  1.82167399e-17,
         4.41149431e-18, -1.43905562e-33,  3.35228290e-03,
         1.21678939e-03, -2.66725897e-18,  5.59509058e-03]]), rdm2=array([[[[ 1.97594466e+00, -1.33316120e-17,  3.25456000e-03, ...,
          -3.39364131e-03, -6.31577162e-16, -1.81024352e-03],
         [-1.33316120e-17,  3.92247145e+00, -3.48094495e-17, ...,
          -3.72820713e-16, -2.41304236e-02,  8.20255367e-16],
         [ 3.25456000e-03, -3.48094495e-17,  3.93090899e+00, ...,
          -4.56326213e-03, -7.17071918e-16,  1.47198564e-02],
         ...,
         [-3.39364131e-03, -3.72820713e-16, -4.56326213e-03, ...,
           2.22607311e-02,  3.70748175e-18, -5.72635849e-04],
         [-6.31577162e-16, -2.41304236e-02, -7.17071918e-16, ...,
           3.70748175e-18,  1.88175909e-02, -4.44597483e-18],
         [-1.81024352e-03,  8.20255367e-16,  1.47198564e-02, ...,
          -5.72635849e-04, -4.44597483e-18,  5.97391060e-03]],

        [[-1.33316120e-17,  4.68192089e-03, -1.66922746e-18, ...,
          -3.01697504e-18, -4.71045003e-05,  2.92459463e-18],
         [-1.95637969e+00, -1.33936089e-17, -6.48200896e-03, ...,
           3.23811203e-03,  6.25034324e-16,  1.85315556e-03],
         [ 1.73178047e-17, -1.45870787e-03, -2.84951468e-17, ...,
           3.29480119e-18,  1.49747410e-04, -1.11675413e-18],
         ...,
         [ 1.83610853e-16,  4.74770707e-05,  2.33049866e-19, ...,
           1.18850442e-18, -2.23126099e-03,  2.71358024e-18],
         [ 1.22052295e-02, -8.74077112e-19, -2.45550986e-05, ...,
          -4.97953965e-03, -1.86576889e-18, -7.15397346e-03],
         [-4.09345636e-16, -9.23324647e-06, -3.50371833e-18, ...,
          -5.33114702e-19, -1.33493971e-03, -1.83277541e-18]],

        [[ 3.25456000e-03, -1.66922746e-18,  3.26599672e-03, ...,
          -1.26216097e-04, -2.00726719e-18,  2.50738604e-05],
         [ 1.73178047e-17,  7.12537538e-03,  1.23566453e-18, ...,
          -8.28608374e-19,  2.06564675e-05,  2.02489061e-18],
         [-1.96202257e+00,  1.72399864e-17,  4.17339528e-03, ...,
           3.48266459e-03,  6.25817982e-16,  1.81082198e-03],
         ...,
         [ 2.14195046e-03, -1.49926755e-18, -2.97745245e-04, ...,
           5.05524084e-03, -2.90610742e-18,  6.82415001e-03],
         [ 3.55725963e-16,  3.45684929e-04, -1.62439500e-18, ...,
           7.63598496e-19,  5.41298104e-04,  1.35171476e-18],
         [-7.13043652e-03,  1.81787390e-18,  9.31026397e-05, ...,
           8.15114707e-04,  2.94876450e-18, -7.76532389e-04]],

        ...,

        [[-3.39364131e-03, -3.01697504e-18, -1.26216097e-04, ...,
          -2.86628435e-02,  1.48377270e-19, -1.27416996e-02],
         [ 1.83610853e-16, -6.87138561e-03,  8.98490895e-19, ...,
           1.95396638e-17, -2.86470886e-02,  2.88055832e-19],
         [ 2.14195046e-03,  2.06476357e-18, -6.78471071e-03, ...,
           2.27724876e-02, -2.99947890e-18, -2.57535183e-03],
         ...,
         [-1.11529976e-02, -1.11868504e-18, -4.74294831e-03, ...,
           4.57349217e-05,  7.01420434e-18,  7.41499166e-05],
         [-1.16485373e-18,  5.09940296e-03,  5.00734529e-20, ...,
           4.91602715e-18,  2.83363048e-04,  6.22103596e-18],
         [ 2.01731379e-03,  1.85812113e-19,  5.16709149e-04, ...,
           1.02440828e-04, -6.63867101e-18,  1.81153907e-05]],

        [[-6.31577162e-16, -4.71045003e-05, -2.00726719e-18, ...,
           1.48377270e-19, -1.92066414e-02,  1.12852079e-17],
         [ 1.22052295e-02, -1.25575216e-15, -1.25752258e-04, ...,
          -6.61731109e-03,  2.59265034e-17, -2.75241644e-04],
         [ 3.55725963e-16, -5.69309946e-05, -1.25633343e-15, ...,
          -6.52190511e-19, -3.55420868e-03,  9.26843371e-18],
         ...,
         [-1.16485373e-18,  5.17122879e-04,  5.48836133e-18, ...,
          -7.05545559e-18,  2.63989571e-05, -1.18731794e-18],
         [-1.03573733e-02,  3.74862338e-18, -3.05131412e-05, ...,
           3.90563595e-05,  3.73853574e-18,  2.14019644e-05],
         [ 5.91332286e-19,  7.75637265e-05, -5.65441954e-18, ...,
          -1.47482486e-18,  3.17941281e-06, -1.44176924e-18]],

        [[-1.81024352e-03,  2.92459463e-18,  2.50738604e-05, ...,
          -1.27416996e-02,  1.12852079e-17, -2.73190306e-02],
         [-4.09345636e-16, -3.89907849e-03, -2.75040018e-18, ...,
           2.57719005e-17, -4.71799318e-02,  5.95634887e-18],
         [-7.13043652e-03, -9.93371058e-19, -3.48759269e-03, ...,
           4.12621753e-02,  2.40594081e-18, -1.32365356e-03],
         ...,
         [ 2.01731379e-03, -3.44666021e-18, -8.64948142e-03, ...,
           1.22794355e-05,  4.95015694e-18,  1.24395519e-04],
         [ 5.91332286e-19,  9.29515560e-03, -1.37603986e-18, ...,
          -5.28884792e-18,  4.28869976e-04,  9.48291922e-18],
         [ 7.81124715e-04,  1.69855317e-18,  1.37434638e-03, ...,
           1.95911609e-04, -1.07555770e-17, -6.24906641e-06]]],


       [[[-1.33316120e-17, -1.95637969e+00,  1.73178047e-17, ...,
           1.83610853e-16,  1.22052295e-02, -4.09345636e-16],
         [ 4.68192089e-03, -1.33936089e-17, -1.45870787e-03, ...,
           4.74770707e-05, -8.74077112e-19, -9.23324647e-06],
         [-1.66922746e-18, -6.48200896e-03, -2.84951468e-17, ...,
           2.33049866e-19, -2.45550986e-05, -3.50371833e-18],
         ...,
         [-3.01697504e-18,  3.23811203e-03,  3.29480119e-18, ...,
           1.18850442e-18, -4.97953965e-03, -5.33114702e-19],
         [-4.71045003e-05,  6.25034324e-16,  1.49747410e-04, ...,
          -2.23126099e-03, -1.86576889e-18, -1.33493971e-03],
         [ 2.92459463e-18,  1.85315556e-03, -1.11675413e-18, ...,
           2.71358024e-18, -7.15397346e-03, -1.83277541e-18]],

        [[ 3.92247145e+00, -1.33936089e-17,  7.12537538e-03, ...,
          -6.87138561e-03, -1.25575216e-15, -3.89907849e-03],
         [-1.33936089e-17,  1.95783381e+00, -1.34577648e-17, ...,
          -1.95443715e-16, -1.25096506e-02,  4.10243271e-16],
         [ 7.12537538e-03, -1.34577648e-17,  3.90716319e+00, ...,
          -3.84354951e-03, -7.11024727e-16,  1.45052459e-02],
         ...,
         [-6.87138561e-03, -1.95443715e-16, -3.84354951e-03, ...,
           1.97123238e-02,  4.89989622e-18,  1.56041002e-03],
         [-1.25575216e-15, -1.25096506e-02, -7.11024727e-16, ...,
           4.89989622e-18,  7.98674615e-03, -5.67895909e-18],
         [-3.89907849e-03,  4.10243271e-16,  1.45052459e-02, ...,
           1.56041002e-03, -5.67895909e-18,  9.48985900e-03]],

        [[-3.48094495e-17, -6.48200896e-03,  1.23566453e-18, ...,
           8.98490895e-19, -1.25752258e-04, -2.75040018e-18],
         [-1.45870787e-03, -1.34577648e-17,  5.34179791e-03, ...,
          -2.24681403e-04, -1.00809665e-19,  5.68142454e-05],
         [ 1.72399864e-17, -1.94840666e+00, -1.46845403e-17, ...,
           1.84009332e-16,  1.20217013e-02, -4.09480217e-16],
         ...,
         [ 2.06476357e-18,  1.79425168e-03, -2.64701831e-18, ...,
          -6.15204685e-18,  1.06786578e-02,  3.89797422e-18],
         [-5.69309946e-05,  3.57838415e-16, -1.37338585e-04, ...,
           2.11888576e-03,  2.12046482e-18, -1.63447386e-04],
         [-9.93371058e-19, -7.17809435e-03,  2.57745753e-18, ...,
           2.70183497e-18, -1.44211572e-03, -2.62816242e-18]],

        ...,

        [[-3.72820713e-16,  3.23811203e-03, -8.28608374e-19, ...,
           1.95396638e-17, -6.61731109e-03,  2.57719005e-17],
         [ 4.74770707e-05, -1.95443715e-16, -2.24681403e-04, ...,
          -4.12855626e-02, -1.56359723e-17, -1.46282970e-03],
         [-1.49926755e-18,  1.79425168e-03, -3.71624265e-16, ...,
          -1.08830111e-17, -4.52872836e-03,  1.45143668e-17],
         ...,
         [-1.11868504e-18, -1.08359788e-02,  4.26930471e-18, ...,
           3.50189162e-18, -1.25277596e-04, -2.13713259e-18],
         [ 5.17122879e-04, -1.91073823e-18, -3.78644418e-04, ...,
           1.96540185e-04,  1.90162913e-18,  4.76835056e-05],
         [-3.44666021e-18, -1.13104858e-03, -2.84283801e-18, ...,
          -8.90985819e-18, -1.48311453e-05, -1.47287950e-18]],

        [[-2.41304236e-02,  6.25034324e-16,  2.06564675e-05, ...,
          -2.86470886e-02,  2.59265034e-17, -4.71799318e-02],
         [-8.74077112e-19, -1.25096506e-02, -1.00809665e-19, ...,
          -1.56359723e-17, -5.99233266e-02,  5.67842685e-18],
         [ 3.45684929e-04,  3.57838415e-16, -2.40091236e-02, ...,
           6.65485503e-02,  2.80013240e-17, -1.04498882e-02],
         ...,
         [ 5.09940296e-03, -1.91073823e-18, -1.30376733e-02, ...,
           1.96523320e-04,  6.11472074e-18,  2.56848617e-04],
         [ 3.74862338e-18,  3.68208328e-03,  9.24430861e-19, ...,
          -3.01810803e-18,  6.91108079e-04,  1.82718519e-17],
         [ 9.29515560e-03,  1.49373909e-18,  1.91800420e-03, ...,
           3.49778668e-04, -1.31237987e-17,  2.85175841e-05]],

        [[ 8.20255367e-16,  1.85315556e-03,  2.02489061e-18, ...,
           2.88055832e-19, -2.75241644e-04,  5.95634887e-18],
         [-9.23324647e-06,  4.10243271e-16,  5.68142454e-05, ...,
          -1.46282970e-03,  5.67842685e-18, -1.11260426e-02],
         [ 1.81787390e-18, -7.17809435e-03,  8.18123322e-16, ...,
           9.22602405e-19, -3.42539444e-03,  8.71788173e-18],
         ...,
         [ 1.85812113e-19, -1.13104858e-03, -4.89718622e-18, ...,
           3.85501922e-18,  6.10960681e-06,  1.39452709e-18],
         [ 7.75637265e-05,  1.49373909e-18,  7.19024009e-05, ...,
           7.53060093e-05,  2.25190944e-18,  9.64821930e-05],
         [ 1.69855317e-18, -5.34760391e-03,  3.57250031e-18, ...,
           7.92171413e-19, -1.95500615e-05, -1.71091323e-18]]],


       [[[ 3.25456000e-03,  1.73178047e-17, -1.96202257e+00, ...,
           2.14195046e-03,  3.55725963e-16, -7.13043652e-03],
         [-1.66922746e-18,  7.12537538e-03,  1.72399864e-17, ...,
          -1.49926755e-18,  3.45684929e-04,  1.81787390e-18],
         [ 3.26599672e-03,  1.23566453e-18,  4.17339528e-03, ...,
          -2.97745245e-04, -1.62439500e-18,  9.31026397e-05],
         ...,
         [-1.26216097e-04, -8.28608374e-19,  3.48266459e-03, ...,
           5.05524084e-03,  7.63598496e-19,  8.15114707e-04],
         [-2.00726719e-18,  2.06564675e-05,  6.25817982e-16, ...,
          -2.90610742e-18,  5.41298104e-04,  2.94876450e-18],
         [ 2.50738604e-05,  2.02489061e-18,  1.81082198e-03, ...,
           6.82415001e-03,  1.35171476e-18, -7.76532389e-04]],

        [[-3.48094495e-17, -1.45870787e-03,  1.72399864e-17, ...,
           2.06476357e-18, -5.69309946e-05, -9.93371058e-19],
         [-6.48200896e-03, -1.34577648e-17, -1.94840666e+00, ...,
           1.79425168e-03,  3.57838415e-16, -7.17809435e-03],
         [ 1.23566453e-18,  5.34179791e-03, -1.46845403e-17, ...,
          -2.64701831e-18, -1.37338585e-04,  2.57745753e-18],
         ...,
         [ 8.98490895e-19, -2.24681403e-04,  1.84009332e-16, ...,
          -6.15204685e-18,  2.11888576e-03,  2.70183497e-18],
         [-1.25752258e-04, -1.00809665e-19,  1.20217013e-02, ...,
           1.06786578e-02,  2.12046482e-18, -1.44211572e-03],
         [-2.75040018e-18,  5.68142454e-05, -4.09480217e-16, ...,
           3.89797422e-18, -1.63447386e-04, -2.62816242e-18]],

        [[ 3.93090899e+00, -2.84951468e-17,  4.17339528e-03, ...,
          -6.78471071e-03, -1.25633343e-15, -3.48759269e-03],
         [-2.84951468e-17,  3.90716319e+00, -1.46845403e-17, ...,
          -3.71624265e-16, -2.40091236e-02,  8.18123322e-16],
         [ 4.17339528e-03, -1.46845403e-17,  1.96339338e+00, ...,
          -2.39426530e-03, -3.59395979e-16,  7.43219899e-03],
         ...,
         [-6.78471071e-03, -3.71624265e-16, -2.39426530e-03, ...,
           1.41267688e-02,  1.22918823e-18,  3.99714737e-03],
         [-1.25633343e-15, -2.40091236e-02, -3.59395979e-16, ...,
           1.22918823e-18,  1.85208087e-02, -3.99824852e-18],
         [-3.48759269e-03,  8.18123322e-16,  7.43219899e-03, ...,
           3.99714737e-03, -3.99824852e-18,  8.95160180e-03]],

        ...,

        [[-4.56326213e-03,  3.29480119e-18,  3.48266459e-03, ...,
           2.27724876e-02, -6.52190511e-19,  4.12621753e-02],
         [ 2.33049866e-19, -3.84354951e-03,  1.84009332e-16, ...,
          -1.08830111e-17,  6.65485503e-02,  9.22602405e-19],
         [-2.97745245e-04, -2.64701831e-18, -2.39426530e-03, ...,
          -5.59251176e-02, -1.30423444e-17,  1.01194121e-02],
         ...,
         [-4.74294831e-03,  4.26930471e-18, -1.03301109e-03, ...,
          -5.02511973e-05, -4.55675019e-18, -2.66671081e-04],
         [ 5.48836133e-18, -1.30376733e-02,  1.72597001e-18, ...,
           3.21446075e-18, -7.43778138e-04, -1.74278766e-17],
         [-8.64948142e-03, -4.89718622e-18, -3.12906732e-03, ...,
          -2.57850145e-04,  1.69332057e-17, -2.64797451e-05]],

        [[-7.17071918e-16,  1.49747410e-04,  6.25817982e-16, ...,
          -2.99947890e-18, -3.55420868e-03,  2.40594081e-18],
         [-2.45550986e-05, -7.11024727e-16,  1.20217013e-02, ...,
          -4.52872836e-03,  2.80013240e-17, -3.42539444e-03],
         [-1.62439500e-18, -1.37338585e-04, -3.59395979e-16, ...,
          -1.30423444e-17, -1.18982699e-02,  3.43416569e-18],
         ...,
         [ 5.00734529e-20, -3.78644418e-04,  1.72597001e-18, ...,
          -3.60108331e-18,  2.93695945e-05, -8.74886743e-19],
         [-3.05131412e-05,  9.24430861e-19, -1.01591327e-02, ...,
           3.72744468e-05,  1.40002155e-18,  5.78510818e-05],
         [-1.37603986e-18,  7.19024009e-05, -3.01787567e-19, ...,
          -3.73661935e-18, -4.46234818e-05, -1.86480501e-18]],

        [[ 1.47198564e-02, -1.11675413e-18,  1.81082198e-03, ...,
          -2.57535183e-03,  9.26843371e-18, -1.32365356e-03],
         [-3.50371833e-18,  1.45052459e-02, -4.09480217e-16, ...,
           1.45143668e-17, -1.04498882e-02,  8.71788173e-18],
         [ 9.31026397e-05,  2.57745753e-18,  7.43219899e-03, ...,
           1.01194121e-02,  3.43416569e-18, -1.66890406e-02],
         ...,
         [ 5.16709149e-04, -2.84283801e-18, -3.12906732e-03, ...,
           2.22224904e-06,  1.90788144e-18,  4.49159446e-05],
         [-5.65441954e-18,  1.91800420e-03, -3.01787567e-19, ...,
           7.69189762e-19,  5.65988732e-05,  3.63179178e-18],
         [ 1.37434638e-03,  3.57250031e-18, -4.83344652e-03, ...,
           5.65371477e-05, -1.68472445e-18, -7.98970850e-05]]],


       ...,


       [[[-3.39364131e-03,  1.83610853e-16,  2.14195046e-03, ...,
          -1.11529976e-02, -1.16485373e-18,  2.01731379e-03],
         [-3.01697504e-18, -6.87138561e-03,  2.06476357e-18, ...,
          -1.11868504e-18,  5.09940296e-03,  1.85812113e-19],
         [-1.26216097e-04,  8.98490895e-19, -6.78471071e-03, ...,
          -4.74294831e-03,  5.00734529e-20,  5.16709149e-04],
         ...,
         [-2.86628435e-02,  1.95396638e-17,  2.27724876e-02, ...,
           4.57349217e-05,  4.91602715e-18,  1.02440828e-04],
         [ 1.48377270e-19, -2.86470886e-02, -2.99947890e-18, ...,
           7.01420434e-18,  2.83363048e-04, -6.63867101e-18],
         [-1.27416996e-02,  2.88055832e-19, -2.57535183e-03, ...,
           7.41499166e-05,  6.22103596e-18,  1.81153907e-05]],

        [[-3.72820713e-16,  4.74770707e-05, -1.49926755e-18, ...,
          -1.11868504e-18,  5.17122879e-04, -3.44666021e-18],
         [ 3.23811203e-03, -1.95443715e-16,  1.79425168e-03, ...,
          -1.08359788e-02, -1.91073823e-18, -1.13104858e-03],
         [-8.28608374e-19, -2.24681403e-04, -3.71624265e-16, ...,
           4.26930471e-18, -3.78644418e-04, -2.84283801e-18],
         ...,
         [ 1.95396638e-17, -4.12855626e-02, -1.08830111e-17, ...,
           3.50189162e-18,  1.96540185e-04, -8.90985819e-18],
         [-6.61731109e-03, -1.56359723e-17, -4.52872836e-03, ...,
          -1.25277596e-04,  1.90162913e-18, -1.48311453e-05],
         [ 2.57719005e-17, -1.46282970e-03,  1.45143668e-17, ...,
          -2.13713259e-18,  4.76835056e-05, -1.47287950e-18]],

        [[-4.56326213e-03,  2.33049866e-19, -2.97745245e-04, ...,
          -4.74294831e-03,  5.48836133e-18, -8.64948142e-03],
         [ 3.29480119e-18, -3.84354951e-03, -2.64701831e-18, ...,
           4.26930471e-18, -1.30376733e-02, -4.89718622e-18],
         [ 3.48266459e-03,  1.84009332e-16, -2.39426530e-03, ...,
          -1.03301109e-03,  1.72597001e-18, -3.12906732e-03],
         ...,
         [ 2.27724876e-02, -1.08830111e-17, -5.59251176e-02, ...,
          -5.02511973e-05,  3.21446075e-18, -2.57850145e-04],
         [-6.52190511e-19,  6.65485503e-02, -1.30423444e-17, ...,
          -4.55675019e-18, -7.43778138e-04,  1.69332057e-17],
         [ 4.12621753e-02,  9.22602405e-19,  1.01194121e-02, ...,
          -2.66671081e-04, -1.74278766e-17, -2.64797451e-05]],

        ...,

        [[ 2.22607311e-02,  1.18850442e-18,  5.05524084e-03, ...,
           4.57349217e-05, -7.05545559e-18,  1.22794355e-05],
         [ 1.18850442e-18,  1.97123238e-02, -6.15204685e-18, ...,
           3.50189162e-18,  1.96523320e-04,  3.85501922e-18],
         [ 5.05524084e-03, -6.15204685e-18,  1.41267688e-02, ...,
          -5.02511973e-05, -3.60108331e-18,  2.22224904e-06],
         ...,
         [ 4.57349217e-05,  3.50189162e-18, -5.02511973e-05, ...,
           3.57178818e-03, -3.60641657e-20,  3.67902075e-04],
         [-7.05545559e-18,  1.96523320e-04, -3.60108331e-18, ...,
          -3.60641657e-20,  1.94824678e-03, -4.67210912e-20],
         [ 1.22794355e-05,  3.85501922e-18,  2.22224904e-06, ...,
           3.67902075e-04, -4.67210912e-20,  7.66381331e-04]],

        [[ 3.70748175e-18, -2.23126099e-03, -2.90610742e-18, ...,
           7.01420434e-18,  2.63989571e-05,  4.95015694e-18],
         [-4.97953965e-03,  4.89989622e-18,  1.06786578e-02, ...,
          -1.25277596e-04,  6.11472074e-18,  6.10960681e-06],
         [ 7.63598496e-19,  2.11888576e-03,  1.22918823e-18, ...,
          -4.55675019e-18,  2.93695945e-05,  1.90788144e-18],
         ...,
         [ 4.91602715e-18,  1.96540185e-04,  3.21446075e-18, ...,
          -3.60641657e-20,  1.83436381e-03, -6.71390089e-19],
         [ 3.90563595e-05, -3.01810803e-18,  3.72744468e-05, ...,
           7.16866144e-04,  9.59909583e-19,  1.49502227e-04],
         [-5.28884792e-18,  7.53060093e-05,  7.69189762e-19, ...,
          -1.13444451e-19,  3.08273493e-05, -4.37868482e-19]],

        [[-5.72635849e-04,  2.71358024e-18,  6.82415001e-03, ...,
           7.41499166e-05, -1.18731794e-18,  1.24395519e-04],
         [-5.33114702e-19,  1.56041002e-03,  3.89797422e-18, ...,
          -2.13713259e-18,  2.56848617e-04,  1.39452709e-18],
         [ 8.15114707e-04,  2.70183497e-18,  3.99714737e-03, ...,
          -2.66671081e-04, -8.74886743e-19,  4.49159446e-05],
         ...,
         [ 1.02440828e-04, -8.90985819e-18, -2.57850145e-04, ...,
           3.67902075e-04, -6.71390089e-19,  1.24536142e-03],
         [-1.47482486e-18,  3.49778668e-04, -3.73661935e-18, ...,
          -1.13444451e-19,  2.64137918e-04,  3.23242133e-19],
         [ 1.95911609e-04,  7.92171413e-19,  5.65371477e-05, ...,
           3.09871762e-04, -1.40008116e-19,  4.86021567e-05]]],


       [[[-6.31577162e-16,  1.22052295e-02,  3.55725963e-16, ...,
          -1.16485373e-18, -1.03573733e-02,  5.91332286e-19],
         [-4.71045003e-05, -1.25575216e-15, -5.69309946e-05, ...,
           5.17122879e-04,  3.74862338e-18,  7.75637265e-05],
         [-2.00726719e-18, -1.25752258e-04, -1.25633343e-15, ...,
           5.48836133e-18, -3.05131412e-05, -5.65441954e-18],
         ...,
         [ 1.48377270e-19, -6.61731109e-03, -6.52190511e-19, ...,
          -7.05545559e-18,  3.90563595e-05, -1.47482486e-18],
         [-1.92066414e-02,  2.59265034e-17, -3.55420868e-03, ...,
           2.63989571e-05,  3.73853574e-18,  3.17941281e-06],
         [ 1.12852079e-17, -2.75241644e-04,  9.26843371e-18, ...,
          -1.18731794e-18,  2.14019644e-05, -1.44176924e-18]],

        [[-2.41304236e-02, -8.74077112e-19,  3.45684929e-04, ...,
           5.09940296e-03,  3.74862338e-18,  9.29515560e-03],
         [ 6.25034324e-16, -1.25096506e-02,  3.57838415e-16, ...,
          -1.91073823e-18,  3.68208328e-03,  1.49373909e-18],
         [ 2.06564675e-05, -1.00809665e-19, -2.40091236e-02, ...,
          -1.30376733e-02,  9.24430861e-19,  1.91800420e-03],
         ...,
         [-2.86470886e-02, -1.56359723e-17,  6.65485503e-02, ...,
           1.96523320e-04, -3.01810803e-18,  3.49778668e-04],
         [ 2.59265034e-17, -5.99233266e-02,  2.80013240e-17, ...,
           6.11472074e-18,  6.91108079e-04, -1.31237987e-17],
         [-4.71799318e-02,  5.67842685e-18, -1.04498882e-02, ...,
           2.56848617e-04,  1.82718519e-17,  2.85175841e-05]],

        [[-7.17071918e-16, -2.45550986e-05, -1.62439500e-18, ...,
           5.00734529e-20, -3.05131412e-05, -1.37603986e-18],
         [ 1.49747410e-04, -7.11024727e-16, -1.37338585e-04, ...,
          -3.78644418e-04,  9.24430861e-19,  7.19024009e-05],
         [ 6.25817982e-16,  1.20217013e-02, -3.59395979e-16, ...,
           1.72597001e-18, -1.01591327e-02, -3.01787567e-19],
         ...,
         [-2.99947890e-18, -4.52872836e-03, -1.30423444e-17, ...,
          -3.60108331e-18,  3.72744468e-05, -3.73661935e-18],
         [-3.55420868e-03,  2.80013240e-17, -1.18982699e-02, ...,
           2.93695945e-05,  1.40002155e-18, -4.46234818e-05],
         [ 2.40594081e-18, -3.42539444e-03,  3.43416569e-18, ...,
          -8.74886743e-19,  5.78510818e-05, -1.86480501e-18]],

        ...,

        [[ 3.70748175e-18, -4.97953965e-03,  7.63598496e-19, ...,
           4.91602715e-18,  3.90563595e-05, -5.28884792e-18],
         [-2.23126099e-03,  4.89989622e-18,  2.11888576e-03, ...,
           1.96540185e-04, -3.01810803e-18,  7.53060093e-05],
         [-2.90610742e-18,  1.06786578e-02,  1.22918823e-18, ...,
           3.21446075e-18,  3.72744468e-05,  7.69189762e-19],
         ...,
         [ 7.01420434e-18, -1.25277596e-04, -4.55675019e-18, ...,
          -3.60641657e-20,  7.16866144e-04, -1.13444451e-19],
         [ 2.63989571e-05,  6.11472074e-18,  2.93695945e-05, ...,
           1.83436381e-03,  9.59909583e-19,  3.08273493e-05],
         [ 4.95015694e-18,  6.10960681e-06,  1.90788144e-18, ...,
          -6.71390089e-19,  1.49502227e-04, -4.37868482e-19]],

        [[ 1.88175909e-02, -1.86576889e-18,  5.41298104e-04, ...,
           2.83363048e-04,  3.73853574e-18,  4.28869976e-04],
         [-1.86576889e-18,  7.98674615e-03,  2.12046482e-18, ...,
           1.90162913e-18,  6.91108079e-04,  2.25190944e-18],
         [ 5.41298104e-04,  2.12046482e-18,  1.85208087e-02, ...,
          -7.43778138e-04,  1.40002155e-18,  5.65988732e-05],
         ...,
         [ 2.83363048e-04,  1.90162913e-18, -7.43778138e-04, ...,
           1.94824678e-03,  9.59909583e-19,  2.64137918e-04],
         [ 3.73853574e-18,  6.91108079e-04,  1.40002155e-18, ...,
           9.59909583e-19,  2.20608991e-03, -1.13826465e-18],
         [ 4.28869976e-04,  2.25190944e-18,  5.65988732e-05, ...,
           2.64137918e-04, -1.13826465e-18,  8.90753274e-04]],

        [[-4.44597483e-18, -7.15397346e-03,  1.35171476e-18, ...,
           6.22103596e-18,  2.14019644e-05,  9.48291922e-18],
         [-1.33493971e-03, -5.67895909e-18, -1.63447386e-04, ...,
           4.76835056e-05,  1.82718519e-17,  9.64821930e-05],
         [ 2.94876450e-18, -1.44211572e-03, -3.99824852e-18, ...,
          -1.74278766e-17,  5.78510818e-05,  3.63179178e-18],
         ...,
         [-6.63867101e-18, -1.48311453e-05,  1.69332057e-17, ...,
          -4.67210912e-20,  1.49502227e-04,  3.23242133e-19],
         [ 3.17941281e-06, -1.31237987e-17, -4.46234818e-05, ...,
           3.08273493e-05, -1.13826465e-18,  8.19633490e-04],
         [-1.07555770e-17, -1.95500615e-05, -1.68472445e-18, ...,
          -1.40008116e-19,  3.85727097e-04, -4.52415061e-19]]],


       [[[-1.81024352e-03, -4.09345636e-16, -7.13043652e-03, ...,
           2.01731379e-03,  5.91332286e-19,  7.81124715e-04],
         [ 2.92459463e-18, -3.89907849e-03, -9.93371058e-19, ...,
          -3.44666021e-18,  9.29515560e-03,  1.69855317e-18],
         [ 2.50738604e-05, -2.75040018e-18, -3.48759269e-03, ...,
          -8.64948142e-03, -1.37603986e-18,  1.37434638e-03],
         ...,
         [-1.27416996e-02,  2.57719005e-17,  4.12621753e-02, ...,
           1.22794355e-05, -5.28884792e-18,  1.95911609e-04],
         [ 1.12852079e-17, -4.71799318e-02,  2.40594081e-18, ...,
           4.95015694e-18,  4.28869976e-04, -1.07555770e-17],
         [-2.73190306e-02,  5.95634887e-18, -1.32365356e-03, ...,
           1.24395519e-04,  9.48291922e-18, -6.24906641e-06]],

        [[ 8.20255367e-16, -9.23324647e-06,  1.81787390e-18, ...,
           1.85812113e-19,  7.75637265e-05,  1.69855317e-18],
         [ 1.85315556e-03,  4.10243271e-16, -7.17809435e-03, ...,
          -1.13104858e-03,  1.49373909e-18, -5.34760391e-03],
         [ 2.02489061e-18,  5.68142454e-05,  8.18123322e-16, ...,
          -4.89718622e-18,  7.19024009e-05,  3.57250031e-18],
         ...,
         [ 2.88055832e-19, -1.46282970e-03,  9.22602405e-19, ...,
           3.85501922e-18,  7.53060093e-05,  7.92171413e-19],
         [-2.75241644e-04,  5.67842685e-18, -3.42539444e-03, ...,
           6.10960681e-06,  2.25190944e-18, -1.95500615e-05],
         [ 5.95634887e-18, -1.11260426e-02,  8.71788173e-18, ...,
           1.39452709e-18,  9.64821930e-05, -1.71091323e-18]],

        [[ 1.47198564e-02, -3.50371833e-18,  9.31026397e-05, ...,
           5.16709149e-04, -5.65441954e-18,  1.37434638e-03],
         [-1.11675413e-18,  1.45052459e-02,  2.57745753e-18, ...,
          -2.84283801e-18,  1.91800420e-03,  3.57250031e-18],
         [ 1.81082198e-03, -4.09480217e-16,  7.43219899e-03, ...,
          -3.12906732e-03, -3.01787567e-19, -4.83344652e-03],
         ...,
         [-2.57535183e-03,  1.45143668e-17,  1.01194121e-02, ...,
           2.22224904e-06,  7.69189762e-19,  5.65371477e-05],
         [ 9.26843371e-18, -1.04498882e-02,  3.43416569e-18, ...,
           1.90788144e-18,  5.65988732e-05, -1.68472445e-18],
         [-1.32365356e-03,  8.71788173e-18, -1.66890406e-02, ...,
           4.49159446e-05,  3.63179178e-18, -7.98970850e-05]],

        ...,

        [[-5.72635849e-04, -5.33114702e-19,  8.15114707e-04, ...,
           1.02440828e-04, -1.47482486e-18,  1.95911609e-04],
         [ 2.71358024e-18,  1.56041002e-03,  2.70183497e-18, ...,
          -8.90985819e-18,  3.49778668e-04,  7.92171413e-19],
         [ 6.82415001e-03,  3.89797422e-18,  3.99714737e-03, ...,
          -2.57850145e-04, -3.73661935e-18,  5.65371477e-05],
         ...,
         [ 7.41499166e-05, -2.13713259e-18, -2.66671081e-04, ...,
           3.67902075e-04, -1.13444451e-19,  3.09871762e-04],
         [-1.18731794e-18,  2.56848617e-04, -8.74886743e-19, ...,
          -6.71390089e-19,  2.64137918e-04, -1.40008116e-19],
         [ 1.24395519e-04,  1.39452709e-18,  4.49159446e-05, ...,
           1.24536142e-03,  3.23242133e-19,  4.86021567e-05]],

        [[-4.44597483e-18, -1.33493971e-03,  2.94876450e-18, ...,
          -6.63867101e-18,  3.17941281e-06, -1.07555770e-17],
         [-7.15397346e-03, -5.67895909e-18, -1.44211572e-03, ...,
          -1.48311453e-05, -1.31237987e-17, -1.95500615e-05],
         [ 1.35171476e-18, -1.63447386e-04, -3.99824852e-18, ...,
           1.69332057e-17, -4.46234818e-05, -1.68472445e-18],
         ...,
         [ 6.22103596e-18,  4.76835056e-05, -1.74278766e-17, ...,
          -4.67210912e-20,  3.08273493e-05, -1.40008116e-19],
         [ 2.14019644e-05,  1.82718519e-17,  5.78510818e-05, ...,
           1.49502227e-04, -1.13826465e-18,  3.85727097e-04],
         [ 9.48291922e-18,  9.64821930e-05,  3.63179178e-18, ...,
           3.23242133e-19,  8.19633490e-04, -4.52415061e-19]],

        [[ 5.97391060e-03, -1.83277541e-18, -7.76532389e-04, ...,
           1.81153907e-05, -1.44176924e-18, -6.24906641e-06],
         [-1.83277541e-18,  9.48985900e-03, -2.62816242e-18, ...,
          -1.47287950e-18,  2.85175841e-05, -1.71091323e-18],
         [-7.76532389e-04, -2.62816242e-18,  8.95160180e-03, ...,
          -2.64797451e-05, -1.86480501e-18, -7.98970850e-05],
         ...,
         [ 1.81153907e-05, -1.47287950e-18, -2.64797451e-05, ...,
           7.66381331e-04, -4.37868482e-19,  4.86021567e-05],
         [-1.44176924e-18,  2.85175841e-05, -1.86480501e-18, ...,
          -4.37868482e-19,  8.90753274e-04, -4.52415061e-19],
         [-6.24906641e-06, -1.71091323e-18, -7.98970850e-05, ...,
           4.86021567e-05, -4.52415061e-19,  9.33706657e-04]]]],
      shape=(12, 12, 12, 12)))
